rmse values:
7.061857614578903
2.518365790332433
5.6486962271399115
4.59658707457653
8.573899980577838
2.7036635054259435
5.48930318878727
5.2485121816847835
7.688555977732321
2.347165755480305
5.710482347524568
4.677650190403843
8.099116312723513
2.729886529884764
4.965027582255127
5.133915371865917
8.005662990854836
8.07271072465216
6.088234832569332
4.562572021669
9.505516377433185
2.8905702714397146
5.531383460667971
5.617513439269493
7.818404366354821
7.693100332971093
2.133194823656561
4.897944185897789
9.082376594998003
2.3057385133018258
5.7100921360211
5.562575253195333
8.012306133965986
6.533867029173108
2.3217767985261624
5.732547999509744
7.925608763582918
2.478837505935698
5.650915956032069
4.885385128380271
7.58772509902026
7.087540044955269
2.4233468246961283
5.740008767143894
4.963761045266112
2.756819751853365
5.33980748167136
5.182338733176696
8.29722682174474
6.851697146836247
2.406518163495883
6.0554518686341074
4.970215296227907
8.386668516991385
5.574234240220212
5.105889196901597
7.58976983647669
7.105761910356771
2.1514243281768106
5.305992112441735
4.574677191320217
8.405784961713803
2.413776657161759
5.272944590721109
7.0909019167194955
5.0373073772647805
2.6101634151063116
4.172229319873211
4.39176846167523
6.9475015287124045
2.5542061561568423
4.746501696548185
mae values:
4.910964359151254
2.164716170565917
4.093733084083784
3.576002645020438
6.091507054791592
2.272680877458931
3.922306329897135
2.956303556366722
5.048596424631553
1.9366074930323232
4.248409094196735
3.555877421161916
5.768181442034127
2.213853134967313
3.6197243893500604
2.9220919278588626
5.394322351653977
5.37792977366117
4.555660235999834
3.4268423602132514
6.641944367106598
2.4777421325740248
3.8108577291564187
3.0094993409543935
5.070495154597972
5.214701081266497
1.7595835156960062
3.659988707835131
6.373743286227236
1.9243173717272164
3.7963566331580134
2.957838211909379
5.421106779929435
4.471424796793721
1.9616968726167585
4.4848516388694835
5.732089880669471
2.050685434058161
3.8995362461203396
3.0083115242495397
4.923348322953328
4.950139701956569
2.126917381097775
4.467825403307924
3.7083755224057944
2.3599653291230154
3.779110570945362
3.0260018783040565
5.586822554616645
4.618853238549563
2.1715418796728154
4.67806338083626
3.8018277399610767
5.879596799907118
3.9617247487058735
3.0504292993262263
4.8770261212150645
4.894245777979935
1.8767051531536745
4.074521506186759
3.390231467709683
5.849619601032521
2.036877710040253
2.8121291977344174
4.762545618680444
4.031098986616229
2.315552083572539
3.294842554791139
3.391243830765828
4.861886015032778
2.200715966743998
3.701720454905293
avg. rmse: 5.434881690698509
avg. mae: 3.850619258742259